vid_id,segment1,segment2,segment3,segment4,segment5
XwFj,food:0.436,cooking:0.323,dish:0.189,dessert:0.034,concert:0.018
a6Fj,sports-car:0.362,racing:0.351,motorsport:0.130,drifting:0.080,car:0.078
paFj,personal-computer:0.368,computer-keyboard:0.246,laptop:0.239,computer:0.088,mobile-phone:0.059
GQFj,car:0.522,camera:0.159,engine:0.137,concert:0.105,manicure:0.077
gGFj,shoe:0.425,sneakers:0.287,nike-inc:0.220,concert:0.039,car:0.029
GKFj,concert:0.337,mobile-phone:0.207,dance:0.165,smartphone:0.152,food:0.139
QbFj,concert:0.542,outdoor-recreation:0.383,hiking:0.032,dance:0.023,cycling:0.021
mJFj,cycling:0.446,bicycle:0.432,dance:0.065,concert:0.030,road-bicycle:0.027
F2Fj,truck:0.586,car:0.260,train:0.077,pickup-truck:0.045,house:0.032
F1Fj,concert:0.397,house:0.270,car:0.125,basketball:0.112,dance:0.096
8TFj,racing:0.324,motorsport:0.301,sports-car:0.200,rallying:0.100,drifting:0.075
dBFj,food:0.326,disc-jockey:0.285,personal-computer:0.177,cooking:0.124,mobile-phone:0.088
r192,concert:0.582,orchestra:0.323,cello:0.046,piano:0.030,saxophone:0.019
zN92,flute:0.786,saxophone:0.076,dance:0.057,concert:0.055,car:0.025
BW92,car:0.344,food:0.340,dress:0.128,concert:0.118,association-football:0.070
su92,fish:0.265,concert:0.257,car:0.189,pet:0.163,association-football:0.127
3J92,motorsport:0.314,car:0.250,cycling:0.176,bicycle:0.150,racing:0.110
qd92,gardening:0.586,garden:0.221,food:0.089,concert:0.077,tree:0.027
Fa92,eye-shadow:0.275,lipstick:0.220,mascara:0.219,manicure:0.150,concert:0.136
zO92,pet:0.542,cat:0.363,concert:0.060,dance:0.019,piano:0.017
x892,motorcycle:0.473,car:0.251,motorcycling:0.158,scooter:0.080,engine:0.038
8E92,food:0.348,car:0.300,dance:0.158,hairstyle:0.138,cooking:0.056
9992,festival:0.548,dance:0.178,parade:0.137,concert:0.088,carnival:0.049
9M92,car:0.329,sports-car:0.282,motorsport:0.187,racing:0.184,coupé:0.017
Y692,basketball:0.557,slam-dunk:0.420,marching-band:0.011,food:0.006,dance:0.006
u0M0,room:0.437,house:0.280,dance:0.147,living-room:0.073,bedroom:0.063
gpM0,food:0.463,cooking:0.288,dish:0.149,dessert:0.057,concert:0.043
U0M0,concert:0.428,food:0.219,dance:0.171,drawing:0.102,pet:0.080
suM0,train:0.328,locomotive:0.227,car:0.181,railroad-car:0.179,association-football:0.085
NAM0,pet:0.560,dressage:0.159,outdoor-recreation:0.117,jumping:0.096,concert:0.068
sjM0,association-football:0.409,car:0.273,concert:0.145,food:0.091,racing:0.082
1ZM0,food:0.271,pet:0.230,concert:0.226,dance:0.156,car:0.117
6bM0,concert:0.427,mobile-phone:0.266,smartphone:0.138,car:0.096,iphone:0.073
zAM0,car:0.516,tractor:0.217,truck:0.189,train:0.040,food:0.038
2iM0,boat:0.397,ship:0.384,concert:0.161,fishing:0.046,car:0.012
9dM0,food:0.317,car:0.247,house:0.173,association-football:0.135,pet:0.128
sIM0,food:0.245,dish:0.226,cooking:0.223,vegetable:0.163,:0.144
xNUU,mobile-phone:0.374,smartphone:0.311,iphone:0.175,personal-computer:0.080,concert:0.061
MrUU,concert:0.519,association-football:0.208,pony:0.101,dance:0.100,car:0.072
qzUU,choir:0.593,dance:0.115,personal-computer:0.113,concert:0.108,association-football:0.071
Z2UU,association-football:0.296,basketball:0.277,tennis:0.181,car:0.148,boxing:0.099
UWUU,motorsport:0.331,racing:0.296,sports-car:0.208,car:0.110,dance:0.056
3vUU,pet:0.338,piano:0.234,fish:0.153,food:0.139,concert:0.135
AXUU,piano:0.474,food:0.215,concert:0.174,personal-computer:0.072,car:0.064
aBUU,concert:0.383,mobile-phone:0.214,smartphone:0.178,pet:0.139,food:0.087
ObUU,hairstyle:0.652,disc-jockey:0.165,concert:0.110,afro-textured-hair:0.053,pet:0.021
x0UU,car:0.404,truck:0.203,pickup-truck:0.203,four-wheel-drive:0.137,sport-utility-vehicle:0.053
qnmz,hockey:0.611,hockey-puck:0.142,dance:0.124,skateboarding:0.062,motorsport:0.061
tLmz,hairstyle:0.311,afro-textured-hair:0.245,eye-shadow:0.190,mascara:0.150,lipstick:0.104
3gmz,concert:0.408,food:0.241,car:0.150,dance:0.106,choir:0.094
1Smz,motorsport:0.259,racing:0.232,dance:0.222,sports-car:0.193,car:0.094
Rvmz,food:0.436,cooking:0.275,concert:0.124,dish:0.082,car:0.082
f3mz,fishing:0.309,recreational-fishing:0.213,fish:0.184,outdoor-recreation:0.147,pet:0.146
Pomz,house:0.342,food:0.260,room:0.246,cooking:0.113,living-room:0.039
Yamz,sasuke-uchiha:0.316,concert:0.246,car:0.185,dance:0.140,food:0.113
qemz,house:0.543,room:0.235,dance:0.109,concert:0.079,bedroom:0.034
SSmz,house:0.598,room:0.278,living-room:0.048,hotel:0.039,food:0.038
Spmz,concert:0.527,dance:0.283,food:0.068,car:0.063,pet:0.059
XGmz,concert:0.403,pet:0.190,car:0.137,drum:0.137,drum-kit:0.133
j293,flute:0.395,concert:0.272,orchestra:0.191,piano:0.132,clarinet:0.011
HW93,car:0.637,motorsport:0.104,engine:0.094,train:0.090,racing:0.075
Lf93,outdoor-recreation:0.722,concert:0.105,hiking:0.065,waterfall:0.062,car:0.045
4K93,association-football:0.534,food:0.207,car:0.150,dance:0.059,pet:0.050
FZ93,concert:0.317,association-football:0.285,house:0.189,car:0.120,dance:0.088
uL93,concert:0.464,dance:0.205,wedding:0.204,boxing:0.074,food:0.053
QD93,food:0.345,cooking:0.307,dish:0.244,:0.055,vegetable:0.048
xP93,car:0.795,motorsport:0.090,racing:0.045,sports-car:0.035,driving:0.034
MK93,concert:0.466,dance:0.296,personal-computer:0.129,lego:0.064,camera:0.045
RT93,racing:0.246,pet:0.211,dance:0.207,food:0.195,house:0.141
IJ93,concert:0.464,association-football:0.242,car:0.127,train:0.086,pet:0.080
ho93,association-football:0.327,concert:0.280,motorsport:0.148,car:0.141,acoustic-guitar:0.105
e293,association-football:0.508,food:0.147,car:0.139,concert:0.119,dance:0.088
VV93,mobile-phone:0.442,smartphone:0.423,samsung-galaxy:0.060,iphone:0.040,camera:0.035
hwFi,concert:0.356,food:0.249,car:0.168,pet:0.123,outdoor-recreation:0.105
fqFi,outdoor-recreation:0.592,car:0.139,concert:0.111,fishing:0.096,pet:0.062
ckFi,personal-computer:0.323,laptop:0.270,computer:0.200,tablet-computer:0.171,food:0.036
xsFi,acoustic-guitar:0.927,banjo:0.028,food:0.018,pet:0.015,concert:0.012
ClFi,food:0.277,cooking:0.270,dish:0.263,:0.140,vegetable:0.051
6nFi,car:0.494,sports-car:0.278,engine:0.087,motorsport:0.075,racing:0.067
r8Fi,airplane:0.402,landing:0.316,airport:0.188,concert:0.062,boeing-737:0.031
ItFi,concert:0.831,drum-kit:0.079,drum:0.058,food:0.016,car:0.015
YqFi,boat:0.322,concert:0.300,fishing:0.150,dance:0.138,car:0.091
xTFi,airplane:0.315,helicopter:0.306,model-aircraft:0.137,motorsport:0.136,outdoor-recreation:0.106
jPFi,food:0.466,mobile-phone:0.163,smartphone:0.139,cooking:0.117,tennis:0.115
SwFi,concert:0.398,sasuke-uchiha:0.200,dance:0.175,association-football:0.121,racing:0.105
HAFi,manicure:0.353,drawing:0.268,food:0.161,car:0.115,concert:0.104
KlFi,car:0.306,association-football:0.223,motorsport:0.180,racing:0.158,concert:0.133
bpM1,car:0.534,engine:0.183,sports-car:0.165,sedan:0.072,coupé:0.047
lEM1,car:0.339,airplane:0.329,skateboarding:0.134,concert:0.130,landing:0.068
IsM1,car:0.402,sports-car:0.379,motorsport:0.085,racing:0.077,sedan:0.058
emM1,bee:0.256,insect:0.255,beehive:0.217,concert:0.154,dance:0.117
qsM1,food:0.578,concert:0.157,cooking:0.115,dish:0.088,drink:0.061
IhM1,concert:0.385,pet:0.239,hunting:0.142,outdoor-recreation:0.134,mountain-bike:0.099
X2M1,car:0.420,airplane:0.169,landing:0.149,motorcycle:0.139,racing:0.123
gcM1,car:0.340,bag:0.179,shoe:0.170,concert:0.164,pet:0.147
dCmy,mobile-phone:0.321,concert:0.276,smartphone:0.250,dance:0.089,food:0.065
Vwmy,car:0.536,sports-car:0.227,sedan:0.105,motorsport:0.088,racing:0.045
nOmy,weight-training:0.702,basketball:0.115,boxing:0.102,food:0.050,cooking:0.031
1mmy,association-football:0.337,mobile-phone:0.218,concert:0.193,smartphone:0.184,food:0.069
kRmy,association-football:0.277,concert:0.224,food:0.221,dance:0.182,car:0.096
rkmy,mobile-phone:0.350,smartphone:0.348,samsung-galaxy:0.146,iphone:0.128,concert:0.028
Cymy,hairstyle:0.713,food:0.138,concert:0.081,cooking:0.040,eye-shadow:0.028
Aqmy,concert:0.485,beach:0.222,outdoor-recreation:0.164,fishing:0.073,motorcycle:0.056
Remy,eye-shadow:0.274,mascara:0.269,eye-liner:0.227,lipstick:0.121,rouge:0.109
x4my,fireworks:0.663,concert:0.226,dance:0.050,christmas:0.034,car:0.026
EZmy,pet:0.485,concert:0.200,food:0.186,fishing:0.065,fish:0.063
37my,car:0.536,concert:0.222,drum:0.098,dance:0.074,drum-kit:0.070
MFmy,model-aircraft:0.325,airplane:0.316,concert:0.128,dance:0.124,motorsport:0.108
mxmy,personal-computer:0.252,laptop:0.249,concert:0.215,pet:0.153,computer:0.132
L6my,concert:0.337,sasuke-uchiha:0.324,dance:0.177,car:0.083,association-football:0.079
OAmy,boat:0.449,kayak:0.184,outdoor-recreation:0.159,surfing:0.138,motorsport:0.070
ADmy,pet:0.372,racing:0.241,concert:0.147,motorsport:0.127,association-football:0.113
xGmy,concert:0.329,dance:0.305,drawing:0.220,car:0.075,goku:0.070
i3my,dance:0.375,concert:0.317,car:0.116,racing:0.098,motorsport:0.094
CZUV,food:0.364,dish:0.303,cooking:0.296,concert:0.023,meat:0.013
JvUV,pet:0.370,fish:0.208,food:0.170,fruit:0.130,concert:0.121
yyUV,outdoor-recreation:0.581,concert:0.158,pet:0.112,fishing:0.084,car:0.065
DMUV,motorcycle:0.371,car:0.286,tractor:0.160,concert:0.092,engine:0.092
ZlUV,concert:0.296,association-football:0.223,skateboarding:0.206,pitcher:0.160,pet:0.116
FeUV,mobile-phone:0.308,video-game-console:0.192,smartphone:0.191,concert:0.155,personal-computer:0.155
L9UV,car:0.354,skiing:0.250,snowboarding:0.195,pet:0.156,ski:0.045
eCUV,organ:0.427,pipe-organ:0.351,piano:0.079,concert:0.074,church:0.069
MlUV,concert:0.614,association-football:0.126,food:0.113,pet:0.077,car:0.069
RNUV,personal-computer:0.446,laptop:0.248,computer:0.113,computer-keyboard:0.106,mobile-phone:0.088
TMUV,cycling:0.264,bicycle:0.251,mountain-bike:0.228,mountain-biking:0.179,road-bicycle:0.078
LuUV,concert:0.775,food:0.080,outdoor-recreation:0.061,pet:0.045,association-football:0.039
hZUV,tractor:0.376,car:0.200,plough:0.151,farm:0.150,food:0.123
90vh,association-football:0.762,basketball:0.121,choir:0.043,concert:0.042,slam-dunk:0.033
wivh,association-football:0.794,concert:0.086,pet:0.060,fishing:0.031,car:0.029
9svh,dance:0.502,food:0.255,concert:0.134,pet:0.061,drum-kit:0.048
UVvh,beach:0.446,surfing:0.432,fishing:0.046,pet:0.039,bodyboarding:0.037
66vh,car:0.684,motorcycle:0.171,motorsport:0.058,pickup-truck:0.045,concert:0.042
0nvh,food:0.363,cooking:0.296,dish:0.209,dessert:0.102,:0.030
Bqvh,food:0.312,concert:0.248,room:0.193,house:0.173,car:0.074
6Ovh,car:0.499,sports-car:0.384,motorsport:0.061,disc-jockey:0.030,concert:0.026
5Uvh,food:0.407,cooking:0.327,dish:0.174,dessert:0.054,concert:0.039
Mavh,association-football:0.805,food:0.082,concert:0.079,cooking:0.017,pet:0.016
RZvh,drum:0.482,drum-kit:0.178,dance:0.175,car:0.102,pet:0.064
5Ivh,dance:0.476,marching-band:0.231,parade:0.183,festival:0.080,cycling:0.030
4fvh,car:0.694,sedan:0.116,sports-car:0.113,concert:0.050,sport-utility-vehicle:0.027
ZXvh,orchestra:0.335,concert:0.321,cello:0.268,quartet:0.045,choir:0.032
savh,mobile-phone:0.396,smartphone:0.367,iphone:0.139,samsung-galaxy:0.059,concert:0.039
E5vh,four-wheel-drive:0.312,sport-utility-vehicle:0.247,car:0.190,truck:0.147,pickup-truck:0.103
YJXE,car:0.251,personal-computer:0.235,concert:0.208,mobile-phone:0.153,laptop:0.152
eDXE,motorcycle:0.462,motorcycling:0.306,motorsport:0.121,car:0.079,engine:0.031
9wXE,pet:0.365,concert:0.334,dance:0.123,food:0.114,tree:0.064
2ZXE,drum:0.351,marching-band:0.293,parade:0.172,drum-kit:0.133,dance:0.051
CSXE,concert:0.528,lego:0.182,association-football:0.161,pet:0.065,mobile-phone:0.065
gfXE,car:0.709,sedan:0.136,sport-utility-vehicle:0.068,hatchback:0.049,driving:0.039
jCXE,personal-computer:0.349,laptop:0.288,concert:0.155,computer:0.140,mobile-phone:0.068
OiXE,saxophone:0.379,orchestra:0.197,drum:0.161,trumpet:0.144,concert:0.119
LtXE,concert:0.460,orchestra:0.184,pet:0.182,cello:0.113,saxophone:0.061
FHXE,car:0.405,mobile-phone:0.290,smartphone:0.202,concert:0.079,iphone:0.023
s8XE,skiing:0.468,ski:0.299,snowboarding:0.153,concert:0.061,snowboard:0.019
0VXE,orchestra:0.371,concert:0.299,trumpet:0.194,trombone:0.105,marching-band:0.031
WhXE,association-football:0.449,pet:0.276,car:0.138,food:0.070,cattle:0.067
UQvg,acoustic-guitar:0.449,dance:0.240,car:0.119,wedding:0.106,piano:0.085
CPvg,car:0.612,pickup-truck:0.143,truck:0.130,four-wheel-drive:0.066,motorsport:0.049
TVvg,pet:0.543,association-football:0.294,concert:0.122,dance:0.027,train:0.014
0Fvg,boat:0.335,airplane:0.236,motorsport:0.220,racing:0.138,model-aircraft:0.070
Qnvg,car:0.615,sports-car:0.179,sedan:0.081,motorsport:0.075,racing:0.050
aXvg,pachinko:0.285,racing:0.206,motorsport:0.205,concert:0.175,association-football:0.129
iMvg,pet:0.779,concert:0.082,parrot:0.056,dance:0.045,food:0.038
Aavg,sonic-the-hedgehog:0.290,concert:0.251,car:0.194,drawing:0.153,dance:0.112
N4vg,association-football:0.820,basketball:0.058,dance:0.051,concert:0.038,car:0.032
aJvg,food:0.303,cooking:0.267,dish:0.216,:0.127,vegetable:0.087
k3vg,fishing:0.437,fish:0.215,recreational-fishing:0.178,pet:0.096,boat:0.074
Vgvg,dance:0.350,concert:0.203,food:0.164,pet:0.157,association-football:0.126
zzvg,food:0.368,dish:0.300,cooking:0.283,dessert:0.025,vegetable:0.023
u9vg,parade:0.380,festival:0.234,marching-band:0.206,dance:0.144,choir:0.036
OTXF,airplane:0.339,landing:0.311,airport:0.241,car:0.084,runway:0.026
UfXF,car:0.515,driving:0.384,dance:0.039,sports-car:0.033,motorsport:0.029
HGXF,skiing:0.377,snowboarding:0.309,ski:0.196,snowboard:0.078,car:0.039
utXF,pet:0.688,concert:0.183,dance:0.067,car:0.036,association-football:0.027
WpXF,food:0.323,cooking:0.299,dish:0.273,dessert:0.071,flour:0.035
diXF,car:0.359,food:0.204,association-football:0.188,pet:0.125,dance:0.123
a6XF,house:0.502,room:0.151,car:0.125,pet:0.124,concert:0.098
cyXF,book:0.616,pet:0.120,concert:0.116,food:0.107,dance:0.041
VBXF,concert:0.446,house:0.240,orchestra:0.116,room:0.107,food:0.092
DsXF,food:0.391,pet:0.287,dish:0.115,cooking:0.108,concert:0.099
HXXF,outdoor-recreation:0.326,pet:0.184,motorsport:0.173,concert:0.171,car:0.146
9Sh9,sports-car:0.318,racing:0.292,motorsport:0.235,car:0.122,drifting:0.033
yoh9,food:0.345,cooking:0.301,dish:0.255,dessert:0.056,meat:0.043
MWh9,association-football:0.377,concert:0.170,dance:0.160,car:0.147,racing:0.145
kdh9,skiing:0.296,snowboarding:0.270,car:0.157,four-wheel-drive:0.151,concert:0.126
8Mh9,concert:0.300,dance:0.219,association-football:0.180,food:0.165,mobile-phone:0.137
IIh9,pet:0.590,dressage:0.184,jumping:0.085,concert:0.072,outdoor-recreation:0.069
AFh9,food:0.399,vegetable:0.243,dish:0.127,cooking:0.119,action-figure:0.112
aqh9,underwater-diving:0.290,association-football:0.226,scuba-diving:0.197,personal-computer:0.151,weight-training:0.137
8ah9,pet:0.403,aquarium:0.261,fish:0.244,food:0.058,association-football:0.034
6Eh9,four-wheel-drive:0.369,sport-utility-vehicle:0.282,car:0.146,jeep:0.129,motorsport:0.073
hrh9,airplane:0.345,landing:0.299,airport:0.240,jet-aircraft:0.059,boeing-737:0.057
3ah9,skateboarding:0.487,dance:0.278,skatepark:0.118,kickflip:0.068,concert:0.048
gPh9,car:0.542,association-football:0.175,engine:0.161,motorsport:0.072,driving:0.050
vbh9,pet:0.780,food:0.098,concert:0.083,association-football:0.028,cat:0.011
lvm9,boat:0.652,fishing:0.115,kayak:0.092,outdoor-recreation:0.074,surfing:0.067
Eem9,association-football:0.811,car:0.062,game-controller:0.062,video-game-console:0.045,concert:0.020
Z8m9,car:0.390,driving:0.259,motorsport:0.163,sports-car:0.123,racing:0.065
HJm9,boat:0.619,ship:0.143,car:0.106,house:0.068,food:0.065
TZm9,motorcycle:0.450,motorcycling:0.245,car:0.219,motorsport:0.059,driving:0.027
HFm9,skiing:0.394,snowboarding:0.281,ski:0.208,snowboard:0.063,outdoor-recreation:0.054
K7m9,food:0.258,cooking:0.249,dish:0.237,:0.155,vegetable:0.101
tfm9,concert:0.819,dance:0.089,wedding:0.053,car:0.020,bride:0.019
T6m9,train:0.298,railroad-car:0.298,locomotive:0.256,cargo:0.089,train-station:0.058
5Ym9,concert:0.315,food:0.194,association-football:0.173,fishing:0.159,skateboarding:0.159
zcm9,washing-machine:0.422,washing:0.252,car:0.143,food:0.101,clothes-dryer:0.082
Lqm9,food:0.264,cooking:0.245,dish:0.239,vegetable:0.158,:0.094
gkm9,concert:0.523,cycling:0.158,bicycle:0.144,pet:0.088,racing:0.087
Qwm9,pet:0.720,concert:0.193,food:0.048,cat:0.022,dance:0.017
l8m9,pet:0.884,concert:0.054,dance:0.028,food:0.018,car:0.016
fQm9,food:0.569,cooking:0.138,concert:0.107,car:0.106,dish:0.080
K8PY,airplane:0.450,landing:0.204,jet-aircraft:0.190,concert:0.100,airport:0.056
viPY,motorcycle:0.286,car:0.244,food:0.206,shoe:0.196,concert:0.069
UjPY,lipstick:0.321,eye-shadow:0.250,mascara:0.213,rouge:0.156,eye-liner:0.060
DfPY,acoustic-guitar:0.907,pet:0.029,food:0.028,drum-kit:0.021,piano:0.015
cnPY,motorcycle:0.362,motorcycling:0.188,car:0.173,motorsport:0.163,racing:0.114
tXPY,festival:0.612,parade:0.141,dance:0.108,carnival:0.073,concert:0.066
IWPY,concert:0.446,dance:0.191,car:0.126,truck:0.125,firefighter:0.112
6jPY,motorsport:0.338,car:0.298,racing:0.201,sports-car:0.085,drifting:0.077
DCPY,concert:0.553,fireworks:0.181,food:0.164,orchestra:0.059,car:0.043
kyPY,cooking:0.212,food:0.212,dish:0.212,vegetable:0.184,:0.180
EGUY,car:0.365,racing:0.232,motorsport:0.230,sports-car:0.100,driving:0.073
J2UY,food:0.512,cooking:0.206,dish:0.159,concert:0.092,car:0.030
2jUY,food:0.691,pet:0.108,concert:0.084,cooking:0.072,drink:0.045
OnUY,pet:0.329,fish:0.304,fishing:0.211,underwater-diving:0.102,scuba-diving:0.054
HuUY,fishing:0.392,boat:0.195,recreational-fishing:0.168,pet:0.123,fish:0.122
45UY,food:0.233,cooking:0.214,basketball:0.197,dance:0.179,dish:0.177
SXUY,food:0.490,concert:0.218,car:0.157,mobile-phone:0.087,pet:0.049
yMUY,outdoor-recreation:0.378,beach:0.257,surfing:0.237,fishing:0.084,concert:0.044
hKUY,car:0.519,driving:0.334,motorsport:0.066,sport-utility-vehicle:0.046,sports-car:0.036
WxUY,food:0.530,cooking:0.266,dish:0.139,concert:0.033,car:0.032
6bUY,association-football:0.493,concert:0.186,dance:0.164,drawing:0.080,car:0.076
WaUY,train:0.321,railroad-car:0.303,locomotive:0.274,train-station:0.076,cargo:0.025
rDPZ,mobile-phone:0.253,car:0.192,personal-computer:0.190,television:0.190,smartphone:0.176
EbPZ,car:0.573,tractor:0.267,concert:0.114,truck:0.027,engine:0.018
Q0PZ,car:0.721,concert:0.121,food:0.068,motorsport:0.047,engine:0.044
krPZ,piano:0.419,pet:0.211,car:0.198,concert:0.103,house:0.068
HuPZ,skiing:0.405,snowboarding:0.261,ski:0.147,train:0.101,car:0.087
uTPZ,car:0.522,sedan:0.169,sport-utility-vehicle:0.140,hatchback:0.119,volkswagen:0.050
6VPZ,car:0.577,sedan:0.162,hatchback:0.108,sports-car:0.079,sport-utility-vehicle:0.074
UjPZ,house:0.355,room:0.342,pet:0.107,food:0.104,hairstyle:0.092
QjPZ,skateboarding:0.548,outdoor-recreation:0.166,fishing:0.102,skatepark:0.101,kickflip:0.083
RrPZ,car:0.424,concert:0.237,association-football:0.169,food:0.107,house:0.063
paPZ,car:0.727,driving:0.096,sport-utility-vehicle:0.080,engine:0.053,truck:0.045
LcPZ,wedding:0.326,bride:0.254,dance:0.214,concert:0.123,doll:0.083
crPZ,car:0.286,train:0.275,railroad-car:0.180,locomotive:0.162,concert:0.097
eCPZ,dance:0.395,concert:0.385,car:0.104,choir:0.065,basketball:0.051
18UZ,food:0.448,cooking:0.198,dish:0.188,concert:0.094,car:0.072
LjUZ,cycling:0.301,bicycle:0.300,mountain-bike:0.182,road-bicycle:0.153,mountain-biking:0.063
BQUZ,cooking:0.383,food:0.376,car:0.112,dish:0.084,concert:0.045
QhUZ,church:0.393,concert:0.347,choir:0.102,dance:0.085,orchestra:0.073
ogUZ,drum:0.484,drum-kit:0.433,dance:0.035,concert:0.034,food:0.014
WYUZ,fish:0.354,pet:0.333,aquarium:0.268,reef-aquarium:0.034,underwater-diving:0.012
r0UZ,motorsport:0.300,racing:0.299,sports-car:0.212,car:0.142,drifting:0.047
7KUZ,concert:0.547,dance:0.174,association-football:0.126,doll:0.077,pony:0.076
mwUZ,car:0.352,four-wheel-drive:0.264,truck:0.180,sport-utility-vehicle:0.121,pickup-truck:0.083
GAUZ,eye-shadow:0.303,mascara:0.270,eye-liner:0.187,lipstick:0.135,rouge:0.106
RzUZ,concert:0.326,food:0.308,television:0.184,car:0.096,pet:0.086
L1h8,car:0.402,four-wheel-drive:0.211,truck:0.146,sport-utility-vehicle:0.144,engine:0.096
E5h8,car:0.642,sedan:0.128,sport-utility-vehicle:0.110,hatchback:0.069,driving:0.051
Mth8,car:0.488,concert:0.220,sports-car:0.126,food:0.085,mobile-phone:0.082
e0h8,fishing:0.337,recreational-fishing:0.220,food:0.166,boat:0.144,outdoor-recreation:0.133
9lh8,skiing:0.371,ski:0.263,snowboarding:0.253,outdoor-recreation:0.059,snowboard:0.054
7Ah8,association-football:0.884,car:0.033,disc-jockey:0.029,concert:0.028,rugby-football:0.026
Wuh8,hairstyle:0.756,afro-textured-hair:0.102,concert:0.061,dance:0.059,braid:0.021
YOh8,eye-shadow:0.300,mascara:0.270,eye-liner:0.226,lipstick:0.115,rouge:0.088
WLh8,mobile-phone:0.262,smartphone:0.257,iphone:0.174,personal-computer:0.157,tablet-computer:0.150
AYh8,house:0.413,room:0.258,car:0.139,concert:0.097,dance:0.093
C5h8,house:0.465,room:0.224,concert:0.155,building:0.078,food:0.078
mph8,skateboarding:0.575,skatepark:0.148,dance:0.127,kickflip:0.095,concert:0.055
uah8,food:0.427,concert:0.218,car:0.159,association-football:0.116,dance:0.079
hah8,car:0.617,motorcycle:0.154,motorsport:0.138,food:0.048,concert:0.042
DCh8,manicure:0.734,concert:0.159,hairstyle:0.046,fishing:0.037,action-figure:0.024
Hqh8,concert:0.679,dance:0.123,car:0.091,mobile-phone:0.070,smartphone:0.038
dxh8,motorcycle:0.336,motorcycling:0.323,motorsport:0.174,racing:0.123,cycling:0.044
Ngm8,pet:0.888,concert:0.054,food:0.024,association-football:0.022,cat:0.011
ikm8,shoe:0.371,sneakers:0.304,nike-inc:0.239,acoustic-guitar:0.070,motorcycle:0.015
PIm8,motorcycle:0.342,motorcycling:0.228,cycling:0.155,bicycle:0.146,motorsport:0.129
GAm8,food:0.342,cooking:0.271,dish:0.237,vegetable:0.120,concert:0.030
iIm8,pet:0.587,concert:0.198,food:0.075,dance:0.072,fishing:0.068
1Pm8,sports-car:0.408,car:0.377,dance:0.077,motorsport:0.075,racing:0.062
nym8,car:0.465,truck:0.216,tractor:0.201,concert:0.066,food:0.053
Xrm8,food:0.511,cooking:0.300,dish:0.127,drink:0.042,vegetable:0.020
wZm8,mobile-phone:0.444,smartphone:0.408,iphone:0.070,food:0.046,samsung-galaxy:0.033
XBm8,motorcycle:0.330,motorcycling:0.253,motorsport:0.187,racing:0.174,motocross:0.055
WXm8,food:0.345,cooking:0.256,dish:0.238,meat:0.106,vegetable:0.055
eHm8,weight-training:0.653,barbell:0.141,squat:0.101,dance:0.060,concert:0.046
PLm8,hairstyle:0.334,manicure:0.187,concert:0.185,food:0.161,association-football:0.133
bnu1,outdoor-recreation:0.721,concert:0.113,rock-climbing:0.064,skiing:0.052,car:0.050
gXu1,organ:0.417,piano:0.416,pipe-organ:0.111,pet:0.029,concert:0.027
mbu1,food:0.611,cooking:0.157,dessert:0.096,concert:0.095,shoe:0.040
aIu1,food:0.463,cooking:0.186,dance:0.124,dish:0.116,concert:0.110
C6u1,organ:0.353,piano:0.339,pipe-organ:0.257,concert:0.035,church:0.015
UNu1,cooking:0.228,food:0.227,dish:0.226,:0.168,vegetable:0.151
YI2U,mobile-phone:0.251,concert:0.245,smartphone:0.230,playing-card:0.154,car:0.120
TS2U,car:0.676,concert:0.182,dance:0.056,food:0.049,personal-computer:0.038
is2U,food:0.412,cooking:0.303,dish:0.213,vegetable:0.043,concert:0.029
9Z2U,concert:0.542,dance:0.248,car:0.079,amusement-park:0.069,disc-jockey:0.062
AU2U,food:0.274,dish:0.250,cooking:0.245,vegetable:0.116,:0.115
Wg2U,food:0.450,gardening:0.279,garden:0.119,concert:0.112,cooking:0.040
Br2U,car:0.859,pickup-truck:0.040,concert:0.037,sport-utility-vehicle:0.033,classic-car:0.031
s72U,car:0.814,engine:0.073,concert:0.061,association-football:0.033,driving:0.020
Qh2U,car:0.394,sports-car:0.371,racing:0.102,motorsport:0.097,truck:0.036
pD2U,concert:0.400,smartphone:0.192,mobile-phone:0.180,dance:0.147,iphone:0.081
QE2U,car:0.434,sedan:0.243,sports-car:0.221,hatchback:0.067,bmw:0.034
Kn2U,concert:0.483,association-football:0.236,boxing:0.112,pet:0.096,weight-training:0.074
i02V,concert:0.625,association-football:0.111,goku:0.106,car:0.088,choir:0.070
ol2V,food:0.548,concert:0.172,dish:0.136,cooking:0.088,car:0.056
Xz2V,airplane:0.373,car:0.220,landing:0.201,airport:0.126,jet-aircraft:0.079
152V,food:0.295,cooking:0.278,dish:0.244,:0.119,vegetable:0.064
Rs2V,cycling:0.231,concert:0.222,bicycle:0.221,car:0.200,food:0.126
5Z2V,car:0.527,pickup-truck:0.153,motorsport:0.144,sports-car:0.104,motorcycle:0.071
un2V,car:0.654,motorcycle:0.154,construction:0.071,motorcycling:0.065,concert:0.057
122V,tractor:0.428,motorsport:0.285,car:0.157,racing:0.084,engine:0.046
b52V,cooking:0.261,food:0.255,dish:0.237,concert:0.143,:0.103
252V,mobile-phone:0.318,smartphone:0.311,iphone:0.165,samsung-galaxy:0.109,personal-computer:0.097
b02V,airplane:0.366,landing:0.316,airport:0.224,boeing-737:0.062,runway:0.032
Dt2V,car:0.545,sport-utility-vehicle:0.201,sedan:0.126,hatchback:0.083,four-wheel-drive:0.046
TJu0,disc-jockey:0.478,loudspeaker:0.209,camera:0.147,concert:0.088,piano:0.077
S1u0,food:0.426,car:0.190,concert:0.173,house:0.119,room:0.092
pru0,car:0.699,food:0.091,pet:0.082,engine:0.074,cooking:0.055
yQu0,food:0.364,cooking:0.308,dish:0.219,dessert:0.078,:0.031
Ssu0,hairstyle:0.443,concert:0.272,afro-textured-hair:0.178,eye-shadow:0.072,lipstick:0.036
wGu0,car:0.448,sports-car:0.339,motorsport:0.126,racing:0.057,coupé:0.030
Tou0,motorsport:0.376,racing:0.301,car:0.234,rallying:0.050,sports-car:0.040
0tu0,motorsport:0.312,car:0.246,racing:0.236,sports-car:0.122,concert:0.083
UHu0,food:0.521,cooking:0.221,dish:0.124,concert:0.097,mobile-phone:0.038
uYu0,boat:0.478,outdoor-recreation:0.159,kayak:0.156,fishing:0.148,racing:0.060
rku0,orchestra:0.492,concert:0.280,saxophone:0.095,flute:0.091,piano:0.043
OCu0,skateboarding:0.698,skatepark:0.134,kickflip:0.087,house:0.045,dance:0.036
geu0,food:0.637,concert:0.152,cooking:0.086,dish:0.064,dance:0.061
gGu0,mobile-phone:0.391,smartphone:0.379,iphone:0.112,samsung-galaxy:0.082,personal-computer:0.037
Zuu0,hairstyle:0.455,food:0.225,concert:0.117,cooking:0.110,eye-shadow:0.093
T3u0,car:0.309,mobile-phone:0.262,smartphone:0.175,boxing:0.131,pet:0.123
Spu0,car:0.461,engine:0.219,food:0.167,concert:0.107,camera:0.047
GoDP,concert:0.495,church:0.311,bell:0.127,house:0.042,choir:0.027
bQDP,association-football:0.314,underwater-diving:0.214,boat:0.176,concert:0.154,fish:0.142
8PDP,concert:0.437,car:0.246,pet:0.142,motorsport:0.123,motorcycle:0.052
x9DP,dance:0.321,concert:0.206,association-football:0.190,car:0.179,food:0.105
05DP,boxing:0.451,weight-training:0.253,concert:0.159,skateboarding:0.088,dance:0.049
rXDP,orchestra:0.395,concert:0.369,trumpet:0.155,drum:0.041,saxophone:0.040
gZDP,motorcycle:0.518,motorcycling:0.309,motorsport:0.111,racing:0.032,car:0.030
xzDP,mobile-phone:0.269,concert:0.210,smartphone:0.193,car:0.167,knife:0.161
e8DP,engine:0.539,car:0.359,weight-training:0.038,dance:0.037,pet:0.027
iRDP,tennis:0.714,skateboarding:0.130,association-football:0.075,skatepark:0.063,food:0.018
GSDP,car:0.677,engine:0.130,motorcycle:0.121,motorsport:0.039,dance:0.033
dPoD,racing:0.415,motorsport:0.305,car:0.151,sports-car:0.066,association-football:0.063
zvoD,concert:0.291,boat:0.230,food:0.191,house:0.191,cycling:0.097
LzoD,mobile-phone:0.244,smartphone:0.219,house:0.212,dance:0.188,room:0.136
YvoD,concert:0.363,association-football:0.325,dance:0.110,goku:0.109,car:0.093
WXoD,pet:0.801,concert:0.097,cat:0.067,food:0.021,motorsport:0.014
pooD,hairstyle:0.715,concert:0.121,dance:0.076,car:0.060,pet:0.028
lmoD,car:0.760,motorsport:0.080,driving:0.078,association-football:0.043,dance:0.040
q9oD,association-football:0.320,car:0.249,dance:0.232,concert:0.135,weight-training:0.064
UJoD,car:0.386,train:0.269,food:0.181,model-aircraft:0.113,truck:0.050
LyoD,sonic-the-hedgehog:0.344,concert:0.299,association-football:0.215,airplane:0.083,food:0.058
8IoD,dance:0.825,concert:0.109,motorsport:0.029,food:0.021,car:0.015
3voD,pet:0.575,cat:0.337,food:0.044,dance:0.031,concert:0.013
WgoD,drum:0.486,drum-kit:0.467,concert:0.027,pet:0.013,car:0.008
nqSM,manicure:0.335,lego:0.317,concert:0.152,action-figure:0.142,kinder-surprise:0.054
eOSM,car:0.744,driving:0.084,hatchback:0.065,airplane:0.057,sedan:0.050
BYSM,car:0.714,motorcycle:0.147,motorsport:0.067,concert:0.053,driving:0.018
jMSM,computer:0.302,personal-computer:0.276,mobile-phone:0.162,concert:0.151,association-football:0.109
BMSM,car:0.379,food:0.328,boxing:0.135,concert:0.106,basketball:0.052
HTSM,food:0.263,cooking:0.255,dish:0.237,:0.154,vegetable:0.091
mdSM,food:0.311,cooking:0.301,dish:0.254,vegetable:0.087,dessert:0.047
CJSM,concert:0.524,drum-kit:0.210,acoustic-guitar:0.111,drum:0.085,motorcycle:0.070
k0SM,house:0.437,concert:0.246,outdoor-recreation:0.153,room:0.092,car:0.072
iMSM,tennis:0.870,skateboarding:0.040,association-football:0.040,serve:0.026,concert:0.024
fBgJ,weight-training:0.742,squat:0.073,dance:0.070,barbell:0.059,food:0.057
XngJ,hockey:0.559,hockey-puck:0.347,concert:0.045,basketball:0.034,racing:0.015
2mgJ,association-football:0.308,concert:0.302,rugby-football:0.175,racing:0.122,cycling:0.094
FygJ,concert:0.309,outdoor-recreation:0.272,parachuting:0.169,paragliding:0.146,parachute:0.104
I8gJ,boxing:0.402,association-football:0.204,pet:0.184,ship:0.149,boat:0.061
9xgJ,concert:0.499,disc-jockey:0.311,dance:0.086,car:0.056,boat:0.049
rtgJ,concert:0.799,car:0.086,dance:0.078,mobile-phone:0.021,smartphone:0.017
kQgJ,concert:0.918,dance:0.027,fireworks:0.019,association-football:0.018,car:0.017
uCgJ,dance:0.886,disc-jockey:0.039,food:0.038,pet:0.022,association-football:0.014
tTgJ,car:0.586,sport-utility-vehicle:0.175,sedan:0.125,hatchback:0.089,volkswagen:0.025
ezgJ,pet:0.491,parrot:0.335,concert:0.136,dance:0.031,model-aircraft:0.007
r1gJ,food:0.281,cooking:0.273,dish:0.241,:0.142,vegetable:0.062
L1gJ,pet:0.876,cat:0.053,concert:0.029,dance:0.021,car:0.021
ryWo,food:0.683,concert:0.150,cooking:0.108,dish:0.031,car:0.026
bRWo,dance:0.833,concert:0.068,association-football:0.034,wedding:0.033,disc-jockey:0.032
s8Wo,boat:0.588,ship:0.206,car:0.086,dance:0.078,yacht:0.042
cNWo,food:0.471,cooking:0.185,dish:0.118,concert:0.116,car:0.110
b3Wo,orchestra:0.540,marching-band:0.216,concert:0.135,trumpet:0.073,choir:0.036
z8Wo,mobile-phone:0.372,smartphone:0.361,samsung-galaxy:0.139,iphone:0.076,concert:0.052
DWWo,concert:0.437,lego:0.210,car:0.178,dance:0.089,association-football:0.085
lwWo,drawing:0.458,pet:0.220,dance:0.111,shoe:0.106,car:0.105
oOWo,food:0.309,cooking:0.301,dish:0.253,:0.096,vegetable:0.042
XGWo,racing:0.450,motorsport:0.449,motorcycle:0.044,motorcycling:0.029,car:0.028
P7Wo,motorsport:0.254,racing:0.241,concert:0.184,car:0.179,association-football:0.141
CxWo,concert:0.358,drawing:0.294,manicure:0.125,food:0.119,mobile-phone:0.105
HPWo,car:0.389,racing:0.217,sports-car:0.217,motorsport:0.133,driving:0.044
QjWo,food:0.588,concert:0.289,pet:0.046,cooking:0.039,dessert:0.038
QRWo,racing:0.333,food:0.246,car:0.230,cycling:0.116,dance:0.075
LWWo,mobile-phone:0.390,smartphone:0.370,iphone:0.175,samsung-galaxy:0.043,concert:0.022
ABkP,sports-car:0.456,car:0.424,racing:0.057,motorsport:0.035,coupé:0.028
1akP,car:0.314,hairstyle:0.232,concert:0.161,association-football:0.148,cycling:0.145
NUkP,concert:0.322,drum-kit:0.206,drawing:0.176,wedding:0.154,hairstyle:0.142
KPkP,pet:0.415,association-football:0.221,racing:0.175,concert:0.112,car:0.077
KqkP,skateboarding:0.551,skatepark:0.151,cycling:0.112,bicycle:0.106,dance:0.080
6bkP,personal-computer:0.385,laptop:0.341,computer:0.170,tablet-computer:0.053,computer-keyboard:0.052
CckP,car:0.511,sports-car:0.255,motorsport:0.141,concert:0.053,racing:0.040
BskP,mobile-phone:0.453,smartphone:0.414,iphone:0.102,personal-computer:0.019,samsung-galaxy:0.012
SZkP,food:0.288,cooking:0.283,dish:0.269,:0.090,vegetable:0.070
4akP,association-football:0.408,basketball:0.381,slam-dunk:0.103,concert:0.055,hockey:0.053
xpkP,food:0.335,cooking:0.240,dish:0.214,car:0.107,vegetable:0.104
3vkP,drawing:0.506,concert:0.204,pet:0.109,car:0.092,food:0.090
IgOu,car:0.684,sports-car:0.245,motorsport:0.025,convertible:0.024,concert:0.023
7kOu,outdoor-recreation:0.355,skiing:0.307,snowboarding:0.121,car:0.115,ski:0.102
YaOu,pet:0.635,cat:0.271,concert:0.073,dance:0.011,car:0.010
wdOu,food:0.289,concert:0.260,kinder-surprise:0.197,manicure:0.144,cooking:0.111
YbOu,concert:0.372,pet:0.271,car:0.184,mobile-phone:0.110,smartphone:0.064
YIOu,concert:0.475,house:0.161,dance:0.157,pet:0.126,hairstyle:0.081
CXOu,airplane:0.269,landing:0.252,jet-aircraft:0.234,airport:0.216,boeing-747:0.030
0iOu,food:0.336,cooking:0.317,dish:0.268,dessert:0.051,:0.029
KKOu,food:0.342,dish:0.213,drawing:0.172,concert:0.165,cooking:0.107
DMOu,food:0.317,cooking:0.300,dish:0.283,vegetable:0.082,:0.018
0VDO,concert:0.488,drum-kit:0.256,drum:0.217,hairstyle:0.023,car:0.016
zPDO,dance:0.508,cycling:0.159,bicycle:0.153,disc-jockey:0.097,concert:0.083
EYDO,pet:0.838,cat:0.086,concert:0.046,car:0.022,dance:0.008
pLDO,food:0.313,cooking:0.304,dish:0.298,vegetable:0.046,:0.039
C8DO,car:0.437,sports-car:0.344,sedan:0.111,coupé:0.078,hatchback:0.030
gzDO,food:0.327,cooking:0.313,dish:0.304,:0.036,vegetable:0.020
inDO,car:0.759,concert:0.102,train:0.061,truck:0.046,food:0.031
kNDO,shoe:0.369,sneakers:0.328,nike-inc:0.268,concert:0.024,mobile-phone:0.011
NrDO,concert:0.243,mobile-phone:0.204,smartphone:0.194,laptop:0.185,personal-computer:0.175
B2DO,mobile-phone:0.425,smartphone:0.392,iphone:0.077,samsung-galaxy:0.066,concert:0.040
BkDO,food:0.454,cooking:0.264,dessert:0.141,dish:0.099,cake:0.043
UJDO,car:0.660,weight-training:0.215,concert:0.054,food:0.037,engine:0.033
R5DO,choir:0.721,association-football:0.133,dance:0.062,food:0.053,car:0.032
gwDO,wedding:0.325,christmas:0.228,dance:0.209,bride:0.143,concert:0.096
itkO,car:0.381,motorsport:0.209,rallying:0.186,driving:0.138,racing:0.085
kEkO,concert:0.692,dance:0.150,personal-computer:0.059,drawing:0.049,food:0.049
D1kO,pet:0.406,car:0.242,concert:0.182,gardening:0.096,food:0.074
QekO,racing:0.665,motorsport:0.137,car:0.094,sports-car:0.060,go-kart:0.044
yxkO,truck:0.360,car:0.260,tractor:0.182,four-wheel-drive:0.154,motorsport:0.045
twkO,food:0.261,pet:0.246,fish:0.245,fishing:0.139,cooking:0.109
kTkO,food:0.276,ship:0.233,boat:0.211,concert:0.171,car:0.108
86kO,racing:0.423,motorsport:0.418,sports-car:0.071,drifting:0.057,rallying:0.032
ahkO,food:0.326,dish:0.258,cooking:0.252,vegetable:0.088,:0.076
8AWp,house:0.223,mobile-phone:0.221,concert:0.221,food:0.183,smartphone:0.152
aiWp,motorsport:0.312,racing:0.260,motorcycling:0.187,cycling:0.136,bicycle:0.105
b5Wp,cycling:0.275,bicycle:0.267,racing:0.223,motorsport:0.163,mountain-bike:0.072
e8Wp,loudspeaker:0.682,weight-training:0.168,car:0.096,hockey:0.043,disc-jockey:0.011
eEWp,car:0.560,motorsport:0.182,sports-car:0.181,motorcycle:0.049,racing:0.027
vIWp,mobile-phone:0.331,headphones:0.198,concert:0.193,car:0.161,smartphone:0.117
uHWp,concert:0.418,association-football:0.250,airplane:0.140,parachuting:0.100,food:0.093
MvWp,parade:0.324,dance:0.285,marching-band:0.247,festival:0.133,hockey:0.011
e1Wp,concert:0.282,outdoor-recreation:0.203,pet:0.201,car:0.171,motorsport:0.143
HAWp,car:0.663,sedan:0.121,hatchback:0.082,sport-utility-vehicle:0.078,sports-car:0.056
1RWp,house:0.367,room:0.258,acoustic-guitar:0.236,cycling:0.070,bicycle:0.069
slWp,food:0.409,hairstyle:0.248,concert:0.181,car:0.081,outdoor-recreation:0.080
TUWp,outdoor-recreation:0.492,concert:0.217,cycling:0.111,bicycle:0.093,dance:0.087
TcWp,drawing:0.385,concert:0.316,pet:0.116,dance:0.092,weight-training:0.091
WLWp,hairstyle:0.543,afro-textured-hair:0.429,wig:0.014,dance:0.008,racing:0.006
OpWp,association-football:0.380,motorsport:0.191,concert:0.167,racing:0.144,sonic-the-hedgehog:0.118
VkWp,car:0.340,concert:0.306,food:0.163,house:0.113,association-football:0.078
DtWp,personal-computer:0.373,laptop:0.230,mobile-phone:0.158,smartphone:0.125,computer:0.114
WhOv,house:0.442,concert:0.244,room:0.186,food:0.070,hotel:0.059
0wOv,food:0.335,dish:0.288,cooking:0.284,:0.051,vegetable:0.041
00Ov,racing:0.441,motorsport:0.302,car:0.120,sports-car:0.111,drifting:0.026
rMOv,weight-training:0.716,barbell:0.114,squat:0.075,concert:0.068,boxing:0.027
eXOv,sports-car:0.227,motorsport:0.198,car:0.195,motorcycling:0.192,motorcycle:0.188
0SOv,fishing:0.273,pet:0.216,fish:0.208,recreational-fishing:0.171,outdoor-recreation:0.132
TmOv,pet:0.733,concert:0.154,food:0.044,cat:0.038,car:0.031
vZOv,pet:0.557,cat:0.291,concert:0.076,car:0.040,food:0.037
LUOv,dance:0.305,personal-computer:0.225,cinema-4d:0.191,drawing:0.169,concert:0.110
isOv,car:0.309,food:0.254,engine:0.215,book:0.154,cooking:0.069
WqOv,food:0.326,cooking:0.279,dish:0.246,:0.085,vegetable:0.064
fROv,car:0.502,fishing:0.211,concert:0.125,motorsport:0.083,boat:0.078
CHOv,concert:0.471,sasuke-uchiha:0.402,sakura-haruno:0.078,dance:0.025,drum-kit:0.024
eFSN,camera:0.386,digital-camera:0.248,food:0.158,house:0.113,concert:0.095
ueSN,car:0.490,truck:0.320,firefighter:0.105,fire-engine:0.055,motorsport:0.030
AGSN,disc-jockey:0.497,shoe:0.189,sneakers:0.128,concert:0.106,nike-inc:0.079
heSN,car:0.248,food:0.230,dance:0.201,concert:0.182,pet:0.138
kISN,hairstyle:0.354,pet:0.225,car:0.175,concert:0.148,dance:0.098
cHSN,skiing:0.413,ski:0.250,snowboarding:0.208,outdoor-recreation:0.083,cycling:0.045
sQSN,motorsport:0.470,car:0.238,four-wheel-drive:0.133,racing:0.080,tractor:0.079
tlSN,car:0.583,sports-car:0.214,sedan:0.116,hatchback:0.060,sport-utility-vehicle:0.028
BhSN,association-football:0.438,pet:0.197,racing:0.123,parrot:0.122,concert:0.120
pZSN,mobile-phone:0.440,smartphone:0.376,personal-computer:0.067,car:0.063,iphone:0.054
81SN,concert:0.809,train:0.069,association-football:0.050,dance:0.037,car:0.036
Q6SN,fishing:0.259,outdoor-recreation:0.224,recreational-fishing:0.216,fish:0.151,pet:0.149
wuSN,car:0.724,loudspeaker:0.092,dance:0.080,concert:0.052,disc-jockey:0.052
kRSN,skiing:0.414,snowboarding:0.259,ski:0.214,concert:0.069,snowboard:0.045
RHSN,boat:0.492,house:0.176,room:0.125,motorsport:0.115,concert:0.091
s3oC,car:0.360,food:0.296,concert:0.161,pet:0.128,boxing:0.055
fkoC,saxophone:0.527,flute:0.271,clarinet:0.098,orchestra:0.063,concert:0.041
ONoC,fishing:0.272,pet:0.259,fish:0.254,recreational-fishing:0.158,outdoor-recreation:0.057
XFoC,mobile-phone:0.384,smartphone:0.370,samsung-galaxy:0.120,iphone:0.070,personal-computer:0.056
sooC,basketball:0.519,slam-dunk:0.329,concert:0.064,dance:0.044,car:0.044
xLoC,cycling:0.220,boat:0.207,outdoor-recreation:0.206,bicycle:0.204,motorsport:0.163
GBoC,airplane:0.281,landing:0.245,jet-aircraft:0.224,airport:0.203,runway:0.047
LWoC,concert:0.558,car:0.232,dance:0.077,knitting:0.076,pet:0.057
eBoC,motorcycle:0.394,motorsport:0.283,motorcycling:0.139,racing:0.106,car:0.078
WGoC,food:0.438,pet:0.315,cooking:0.147,dish:0.055,concert:0.044
4VoC,car:0.409,sports-car:0.327,coupé:0.113,sedan:0.108,bmw:0.043
lcgI,outdoor-recreation:0.622,concert:0.263,rock-climbing:0.061,hiking:0.029,food:0.025
MzgI,eye-shadow:0.268,mascara:0.254,eye-liner:0.223,lipstick:0.136,rouge:0.119
kFgI,weight-training:0.831,drum:0.048,dance:0.043,food:0.041,drum-kit:0.036
v0gI,drawing:0.361,concert:0.230,smartphone:0.143,mobile-phone:0.141,food:0.124
Z7gI,food:0.548,cooking:0.180,concert:0.118,dish:0.090,car:0.064
zygI,concert:0.244,car:0.236,association-football:0.203,dance:0.164,pet:0.153
dCgI,concert:0.500,association-football:0.236,car:0.108,manicure:0.101,lego:0.055
i2gI,mobile-phone:0.402,smartphone:0.397,iphone:0.106,samsung-galaxy:0.068,concert:0.027
YxgI,food:0.567,cooking:0.235,dish:0.094,concert:0.070,lipstick:0.034
pmgI,personal-computer:0.320,tablet-computer:0.197,concert:0.187,mobile-phone:0.180,smartphone:0.115
zbgI,choir:0.836,concert:0.070,wedding:0.050,piano:0.029,car:0.015
4rgI,dance:0.392,airplane:0.167,landing:0.156,jet-aircraft:0.148,wedding:0.136
aFgI,skiing:0.402,snowboarding:0.311,ski:0.145,snowmobile:0.084,snowboard:0.058
0HgI,car:0.312,mobile-phone:0.296,smartphone:0.200,knife:0.105,dance:0.087
srgI,concert:0.439,association-football:0.223,dance:0.141,car:0.118,food:0.078
5AY8,concert:0.663,dance:0.140,mobile-phone:0.085,smartphone:0.064,choir:0.048
o9Y8,association-football:0.277,sewing:0.245,piano:0.204,sewing-machine:0.168,food:0.106
